 num_wann=          22 num_Kpathpoints=         219
  0.00000000E+00 -0.65818309E+01  0.38949360E-03  0.20282790E-10  0.37807253E-05  0.60756261E-02  0.31751011E-09  0.58234194E-03  0.39963666E-10  0.67180070E-02  0.27412551E-02  0.67802599E-09  0.18462026E-01  0.19946798E-01  0.15780393E-08  0.39659631E+00  0.17929863E-01  0.17409780E-08  0.34513965E+00  0.73361743E-02  0.20784597E-09  0.22602701E-04  0.17805597E+00  0.10454611E-06
  0.14233010E-01 -0.65810131E+01  0.39139681E-03  0.19106126E-10  0.43059216E-05  0.60788843E-02  0.30310415E-09  0.58380126E-03  0.39000362E-10  0.67130160E-02  0.27497609E-02  0.64833442E-09  0.18453540E-01  0.19994112E-01  0.15026561E-08  0.39640007E+00  0.17964137E-01  0.16557508E-08  0.34499301E+00  0.73742050E-02  0.19781015E-09  0.22755816E-04  0.17827691E+00  0.99746591E-07
  0.28466020E-01 -0.65785612E+01  0.39711008E-03  0.15887042E-10  0.58869201E-05  0.60886728E-02  0.26268484E-09  0.58820381E-03  0.35917600E-10  0.66980980E-02  0.27753984E-02  0.56407999E-09  0.18428103E-01  0.20136224E-01  0.12900496E-08  0.39581251E+00  0.18067065E-01  0.14162688E-08  0.34455362E+00  0.74880749E-02  0.16972815E-09  0.23211530E-04  0.17893774E+00  0.86224492E-07
  0.42699029E-01 -0.65744804E+01  0.40664559E-03  0.11487436E-10  0.85396460E-05  0.61050412E-02  0.20341643E-09  0.59562393E-03  0.30479097E-10  0.66734250E-02  0.28185294E-02  0.43950786E-09  0.18385795E-01  0.20373653E-01  0.98192032E-09  0.39483705E+00  0.18238963E-01  0.10713421E-08  0.34382299E+00  0.76771216E-02  0.12917450E-09  0.23959258E-04  0.18003259E+00  0.66472331E-07
  0.56932039E-01 -0.65687787E+01  0.42002873E-03  0.69972592E-11  0.12289643E-04  0.61281057E-02  0.13581859E-09  0.60618821E-03  0.22763976E-10  0.66393169E-02  0.28797609E-02  0.29608221E-09  0.18326833E-01  0.20707321E-01  0.63807918E-09  0.39347916E+00  0.18480398E-01  0.69001695E-09  0.34280351E+00  0.79402763E-02  0.84085924E-10  0.24982658E-04  0.18155179E+00  0.44126630E-07
  0.71165049E-01 -0.65614662E+01  0.43730610E-03  0.33593435E-11  0.17170759E-04  0.61580980E-02  0.72008929E-10  0.62007996E-03  0.13648732E-10  0.65962884E-02  0.29599528E-02  0.15926980E-09  0.18251686E-01  0.21138640E-01  0.32415872E-09  0.39174605E+00  0.18792245E-01  0.34629358E-09  0.34149807E+00  0.82761194E-02  0.43065044E-10  0.26261481E-04  0.18348200E+00  0.23291796E-07
  0.85398059E-01 -0.65525543E+01  0.45855701E-03  0.10776647E-11  0.23223668E-04  0.61954302E-02  0.23794183E-10  0.63754605E-03  0.51231797E-11  0.65451036E-02  0.30602323E-02  0.54516897E-10  0.18161218E-01  0.21669639E-01  0.98653237E-10  0.38964621E+00  0.19175770E-01  0.10350412E-09  0.33990982E+00  0.86829631E-02  0.13582947E-10  0.27773964E-04  0.18580651E+00  0.77776891E-08
  0.99631069E-01 -0.65420552E+01  0.48390904E-03  0.12377921E-12  0.30494535E-04  0.62407722E-02  0.94813040E-12  0.65890686E-03  0.23725641E-12  0.64868321E-02  0.31820185E-02  0.29364780E-11  0.18056840E-01  0.22303134E-01  0.21192934E-11  0.38718887E+00  0.19632745E-01  0.20689545E-11  0.33804163E+00  0.91589666E-02  0.48226268E-12  0.29499600E-04  0.18850538E+00  0.39311843E-09
  0.11386408E+00 -0.65299806E+01  0.51355819E-03  0.72961522E-13  0.39034194E-04  0.62951384E-02  0.99020910E-11  0.68457023E-03  0.25828776E-11  0.64228994E-02  0.33270605E-02  0.17361839E-10  0.17940657E-01  0.23042938E-01  0.50625205E-10  0.38438335E+00  0.20165589E-01  0.53190322E-10  0.33589567E+00  0.97022864E-02  0.50999342E-11  0.31422106E-04  0.19155582E+00  0.24269181E-08
  0.12809709E+00 -0.65163413E+01  0.54779414E-03  0.40353798E-12  0.48898177E-04  0.63599791E-02  0.52923635E-10  0.71505046E-03  0.15368910E-10  0.63551224E-02  0.34974944E-02  0.99484372E-10  0.17815597E-01  0.23894133E-01  0.23433597E-09  0.38123840E+00  0.20777542E-01  0.23927408E-09  0.33347282E+00  0.10311267E-01  0.25174355E-10  0.33532410E-04  0.19493236E+00  0.13413154E-07
  0.14233010E+00 -0.65011469E+01  0.58703163E-03  0.82023270E-12  0.60147920E-04  0.64372735E-02  0.12773524E-09  0.75099384E-03  0.40302531E-10  0.62857278E-02  0.36959240E-02  0.23872845E-09  0.17685497E-01  0.24863382E-01  0.52085111E-09  0.37776141E+00  0.21472879E-01  0.52007538E-09  0.33077210E+00  0.10984675E-01  0.55515755E-10  0.35831508E-04  0.19860710E+00  0.31223932E-07
  0.15656311E+00 -0.64844062E+01  0.63184907E-03  0.14463748E-11  0.72853410E-04  0.65296209E-02  0.22748028E-09  0.79321260E-03  0.76598713E-10  0.62173494E-02  0.39255313E-02  0.41329615E-09  0.17555154E-01  0.25959320E-01  0.86195323E-09  0.37395767E+00  0.22257158E-01  0.84229307E-09  0.32779008E+00  0.11721975E-01  0.89247789E-10  0.38333087E-04  0.20254983E+00  0.52472157E-07
  0.17079612E+00 -0.64661274E+01  0.68303605E-03  0.27802692E-11  0.87097403E-04  0.66403315E-02  0.34099699E-09  0.84272954E-03  0.12046339E-09  0.61530073E-02  0.41902240E-02  0.59345012E-09  0.17430338E-01  0.27192996E-01  0.12020132E-08  0.36982956E+00  0.23137514E-01  0.11499252E-08  0.32452032E+00  0.12523652E-01  0.11931223E-09  0.41065882E-04  0.20672805E+00  0.73148715E-07
  0.18502913E+00 -0.64463194E+01  0.74165224E-03  0.54112192E-11  0.10298130E-03  0.67735153E-02  0.45348283E-09  0.90083682E-03  0.16531776E-09  0.60960724E-02  0.44948281E-02  0.74664990E-09  0.17317756E-01  0.28578407E-01  0.14864551E-08  0.36537573E+00  0.24122994E-01  0.13931585E-08  0.32095269E+00  0.13391581E-01  0.13989193E-09  0.44075792E-04  0.21110679E+00  0.89374728E-07
  0.19926214E+00 -0.64249936E+01  0.80910107E-03  0.96028623E-11  0.12063262E-03  0.69341756E-02  0.54775372E-09  0.96917299E-03  0.20286051E-09  0.60502235E-02  0.48453361E-02  0.84370790E-09  0.17225001E-01  0.30133114E-01  0.16692260E-08  0.36059033E+00  0.25224953E-01  0.15346011E-08  0.31707276E+00  0.14329433E-01  0.14745305E-09  0.47427850E-04  0.21564823E+00  0.98127679E-07
  0.21349515E+00 -0.64021659E+01  0.88722310E-03  0.14930474E-10  0.14021398E-03  0.71283116E-02  0.60633749E-09  0.10498244E-02  0.22483783E-09  0.60194043E-02  0.52492255E-02  0.86479739E-09  0.17160482E-01  0.31878967E-01  0.17188349E-08  0.35546215E+00  0.26457502E-01  0.15528117E-08  0.31286116E+00  0.15343130E-01  0.14121997E-09  0.51208234E-04  0.22031110E+00  0.97804580E-07
  0.22772816E+00 -0.63778594E+01  0.97841572E-03  0.20169073E-10  0.16193330E-03  0.73630376E-02  0.61452053E-09  0.11454589E-02  0.22516398E-09  0.60077871E-02  0.57158636E-02  0.80402642E-09  0.17133346E-01  0.33842964E-01  0.16229216E-08  0.34997374E+00  0.27838025E-01  0.14438556E-08  0.30829287E+00  0.16441340E-01  0.12304199E-09  0.55526514E-04  0.22504960E+00  0.88515145E-07
  0.24196117E+00 -0.63521077E+01  0.10857882E-02  0.23558325E-10  0.18605513E-03  0.76467261E-02  0.56417207E-09  0.12595019E-02  0.20187252E-09  0.60197495E-02  0.62570227E-02  0.67145109E-09  0.17153421E-01  0.36058250E-01  0.13913364E-08  0.34410055E+00  0.29387775E-01  0.12217668E-08  0.30333644E+00  0.17636024E-01  0.96752896E-10  0.60518413E-04  0.22981211E+00  0.72047993E-07
  0.25619418E+00 -0.63249583E+01  0.12133638E-02  0.23435743E-10  0.21291254E-03  0.79891792E-02  0.45775440E-09  0.13963706E-02  0.15833630E-09  0.60598633E-02  0.68875328E-02  0.49184307E-09  0.17231151E-01  0.38565305E-01  0.10573872E-08  0.33780991E+00  0.31132553E-01  0.91831899E-09  0.29795318E+00  0.18943028E-01  0.67227025E-10  0.66349348E-04  0.23453924E+00  0.51514266E-07
  0.27042719E+00 -0.62964767E+01  0.13663443E-02  0.19073854E-10  0.24291921E-03  0.84018282E-02  0.31151028E-09  0.15617816E-02  0.10330201E-09  0.61328941E-02  0.76261058E-02  0.30018449E-09  0.17377553E-01  0.41413322E-01  0.67648875E-09  0.33105998E+00  0.33103484E-01  0.58171341E-09  0.29209632E+00  0.20382723E-01  0.39376313E-10  0.73218987E-04  0.23916149E+00  0.30734674E-07
  0.28466020E+00 -0.62667506E+01  0.15514541E-02  0.11434797E-10  0.27658081E-03  0.88979476E-02  0.15656438E-09  0.17631576E-02  0.49536941E-10  0.62437960E-02  0.84963681E-02  0.13461220E-09  0.17604129E-01  0.44661794E-01  0.32123739E-09  0.32379862E+00  0.35337864E-01  0.27312671E-09  0.28571006E+00  0.21980710E-01  0.17309336E-10  0.81366970E-04  0.24359614E+00  0.13486455E-07
  0.29889321E+00 -0.62358950E+01  0.17773856E-02  0.35164779E-11  0.31450416E-03  0.94928520E-02  0.36738812E-10  0.20101565E-02  0.11231147E-10  0.63976806E-02  0.95281358E-02  0.28206674E-10  0.17922732E-01  0.48382280E-01  0.72223294E-10  0.31596222E+00  0.37880084E-01  0.59954690E-10  0.27872873E+00  0.23768546E-01  0.37983716E-11  0.91079712E-04  0.24774361E+00  0.27565699E-08
  0.31312622E+00 -0.62040566E+01  0.20553622E-02  0.35716821E-13  0.35740178E-03  0.10204004E-01  0.23637422E-11  0.23153500E-02  0.65648291E-12  0.65997169E-02  0.10758948E-01  0.14460571E-11  0.18345256E-01  0.52660262E-01  0.47704764E-11  0.30747473E+00  0.40782536E-01  0.52612088E-11  0.27107625E+00  0.25784484E-01  0.10184089E-12  0.10269777E-03  0.25148300E+00  0.15017909E-09
  0.32735923E+00 -0.61714204E+01  0.23998307E-02  0.63705770E-11  0.40608755E-03  0.11050910E-01  0.10025417E-09  0.26950680E-02  0.24858832E-10  0.68548962E-02  0.12235828E-01  0.57183573E-10  0.18883065E-01  0.57596876E-01  0.17312592E-09  0.29824701E+00  0.44106383E-01  0.15430251E-09  0.26266607E+00  0.28074123E-01  0.60961448E-11  0.11662242E-03  0.25466722E+00  0.55775222E-08
  0.34159224E+00 -0.61382146E+01  0.28292613E-02  0.26926772E-10  0.46145663E-03  0.12054570E-01  0.36119213E-09  0.31703961E-02  0.83264170E-10  0.71675636E-02  0.14017146E-01  0.17958797E-09  0.19545933E-01  0.63310109E-01  0.59502271E-09  0.28817726E+00  0.47921955E-01  0.52064101E-09  0.25340231E+00  0.30690838E-01  0.20605620E-10  0.13331858E-03  0.25711786E+00  0.17291030E-07
  0.35582525E+00 -0.61047176E+01  0.33669804E-02  0.63335174E-10  0.52443946E-03  0.13236149E-01  0.78744778E-09  0.37682460E-02  0.16696106E-09  0.75405742E-02  0.16174250E-01  0.33763997E-09  0.20340254E-01  0.69934737E-01  0.12405213E-08  0.27715323E+00  0.52308379E-01  0.10756800E-08  0.24318291E+00  0.33695696E-01  0.41791075E-10  0.15330896E-03  0.25862080E+00  0.32275830E-07
  0.37005826E+00 -0.60712640E+01  0.40418434E-02  0.11305112E-09  0.59591496E-03  0.14614327E-01  0.13437657E-08  0.45222880E-02  0.26007843E-09  0.79738997E-02  0.18792223E-01  0.49264023E-09  0.21266189E-01  0.77619815E-01  0.20291102E-08  0.26505774E+00  0.57351816E-01  0.17458182E-08  0.23190613E+00  0.37156457E-01  0.67462755E-10  0.17715048E-03  0.25892416E+00  0.46922327E-07
  0.38429127E+00 -0.60382498E+01  0.48883696E-02  0.16894152E-09  0.67656505E-03  0.16200680E-01  0.19554863E-08  0.54733044E-02  0.34316095E-09  0.84625151E-02  0.21968598E-01  0.60799515E-09  0.22313460E-01  0.86521996E-01  0.28379353E-08  0.25177928E+00  0.63141495E-01  0.24204123E-08  0.21948211E+00  0.41145039E-01  0.95214849E-10  0.20537984E-03  0.25774113E+00  0.57842716E-07
  0.39852428E+00 -0.60061363E+01  0.59456908E-02  0.22026993E-09  0.76665340E-03  0.17992464E-01  0.25167628E-08  0.66681900E-02  0.39785920E-09  0.89935145E-02  0.25808221E-01  0.65862977E-09  0.23455746E-01  0.96792510E-01  0.35217418E-08  0.23723007E+00  0.69762543E-01  0.29712814E-08  0.20585122E+00  0.45732716E-01  0.12233641E-09  0.23841097E-03  0.25476197E+00  0.62647757E-07
  0.41275728E+00 -0.59754484E+01  0.72543920E-02  0.25512315E-09  0.86572334E-03  0.19962656E-01  0.29099617E-08  0.81564597E-02  0.41174648E-09  0.95427458E-02  0.30411952E-01  0.63710204E-09  0.24644254E-01  0.10855571E+00  0.39420326E-08  0.22137279E+00  0.77284812E-01  0.32809941E-08  0.19101008E+00  0.50982371E-01  0.14555339E-09  0.27636890E-03  0.24967961E+00  0.60488959E-07
  0.42699029E+00 -0.59467674E+01  0.88502596E-02  0.26382123E-09  0.97224239E-03  0.22048476E-01  0.30342543E-08  0.99829907E-02  0.38182783E-09  0.10071915E-01  0.35857108E-01  0.55420258E-09  0.25802276E-01  0.12187859E+00  0.39997755E-08  0.20425538E+00  0.85747723E-01  0.32735257E-08  0.17504338E+00  0.56937692E-01  0.16081563E-09  0.31885855E-03  0.24223305E+00  0.52206037E-07
  0.44122330E+00 -0.59207108E+01  0.10754516E-01  0.24234005E-09  0.10832766E-02  0.24142031E-01  0.28374016E-08  0.12176328E-01  0.31549568E-09  0.10527997E-01  0.42169598E-01  0.43364872E-09  0.26824092E-01  0.13673415E+00  0.36636802E-08  0.18604757E+00  0.95142863E-01  0.29383417E-08  0.15815495E+00  0.63610377E-01  0.16353269E-09  0.36470459E-03  0.23226750E+00  0.40008440E-07
  0.45545631E+00 -0.58979010E+01  0.12961733E-01  0.19445728E-09  0.11943443E-02  0.26089388E-01  0.23408088E-08  0.14733804E-01  0.22839841E-09  0.10847377E-01  0.49292341E-01  0.30300610E-09  0.27582541E-01  0.15296734E+00  0.29856028E-08  0.16706656E+00  0.10539849E+00  0.23390138E-08  0.14068522E+00  0.70968261E-01  0.14974018E-09  0.41175600E-03  0.21980080E+00  0.26759409E-07
  0.46968932E+00 -0.58789202E+01  0.15429133E-01  0.13146868E-09  0.12996248E-02  0.27705061E-01  0.16462468E-08  0.17607837E-01  0.13977622E-09  0.10966323E-01  0.57060811E-01  0.18496705E-09  0.27948159E-01  0.17027728E+00  0.20967473E-08  0.14777441E+00  0.11637191E+00  0.16011549E-08  0.12309962E+00  0.78928717E-01  0.11839180E-09  0.45690043E-03  0.20507420E+00  0.15088672E-07
  0.48392233E+00 -0.58642587E+01  0.18072905E-01  0.69097047E-10  0.13926262E-02  0.28804348E-01  0.91612065E-09  0.20700373E-01  0.66835741E-10  0.10836488E-01  0.65200326E-01  0.92944180E-10  0.27817605E-01  0.18822941E+00  0.11829738E-08  0.12873436E+00  0.12785493E+00  0.88134546E-09  0.10593876E+00  0.87361433E-01  0.74167643E-10  0.49641482E-03  0.18856001E+00  0.66607225E-08
  0.49815534E+00 -0.58542671E+01  0.20776152E-01  0.22479513E-10  0.14672193E-02  0.29246080E-01  0.32910094E-09  0.23871475E-01  0.20125550E-10  0.10440037E-01  0.73355112E-01  0.32061522E-10  0.27142075E-01  0.20630246E+00  0.44352322E-09  0.11052990E+00  0.13959358E+00  0.32619832E-09  0.89737432E-01  0.96101664E-01  0.29197003E-10  0.52664646E-03  0.17091016E+00  0.18810663E-08
  0.51238835E+00 -0.58491246E+01  0.23408118E-01  0.12230949E-11  0.15187323E-02  0.28969125E-01  0.25663061E-10  0.26962170E-01  0.14178246E-11  0.97971430E-02  0.81145292E-01  0.29726591E-11  0.25942967E-01  0.22395931E+00  0.42897732E-10  0.93670588E-01  0.15131739E+00  0.34813095E-10  0.74938171E-01  0.10497071E+00  0.18068084E-11  0.54481804E-03  0.15285547E+00  0.11424192E-09
  0.52662136E+00 -0.58488305E+01  0.25848232E-01  0.66514081E-11  0.15447239E-02  0.28006148E-01  0.65267166E-10  0.29823919E-01  0.45891617E-11  0.89615603E-02  0.88232806E-01  0.46666943E-11  0.24306867E-01  0.24071999E+00  0.68701793E-10  0.78518384E-01  0.16276986E+00  0.36267657E-10  0.61830110E-01  0.11379743E+00  0.11557976E-10  0.54963357E-03  0.13509033E+00  0.22908372E-09
  0.54085437E+00 -0.58532200E+01  0.28005891E-01  0.32284743E-10  0.15451953E-02  0.26469522E-01  0.41230879E-09  0.32343509E-01  0.18917502E-10  0.80063829E-02  0.94372577E-01  0.34493396E-10  0.22362559E-01  0.25621518E+00  0.50784811E-09  0.65256860E-01  0.17373279E+00  0.28773950E-09  0.50531034E-01  0.12243508E+00  0.71991297E-10  0.54144559E-03  0.11818198E+00  0.11552075E-08
  0.55508738E+00 -0.58619982E+01  0.29829865E-01  0.66988342E-10  0.15222541E-02  0.24518360E-01  0.95408387E-09  0.34455451E-01  0.33413986E-10  0.70067940E-02  0.99434366E-01  0.86618171E-10  0.20251052E-01  0.27020943E+00  0.12491582E-08  0.53904327E-01  0.18404038E+00  0.69181773E-09  0.41009176E-01  0.13077064E+00  0.18416658E-09  0.52197229E-03  0.10252593E+00  0.22062744E-08
  0.56932039E+00 -0.58747804E+01  0.31306849E-01  0.99131697E-10  0.14794453E-02  0.22322043E-01  0.15402002E-08  0.36140935E-01  0.40524135E-10  0.60265273E-02  0.10339567E+00  0.15120031E-09  0.18100187E-01  0.28259656E+00  0.21125694E-08  0.44354697E-01  0.19358323E+00  0.11262637E-08  0.33127232E-01  0.13872692E+00  0.33401235E-09  0.49375073E-03  0.88345941E-01  0.31129075E-08
  0.58355340E+00 -0.58911324E+01  0.32452921E-01  0.12004302E-09  0.14210062E-02  0.20032364E-01  0.20267490E-08  0.37417777E-01  0.37915903E-10  0.51111325E-02  0.10631639E+00  0.21551023E-09  0.16009909E-01  0.29337683E+00  0.28963913E-08  0.36426236E-01  0.20230430E+00  0.14768812E-08  0.26689691E-01  0.14625936E+00  0.49481654E-09  0.45956383E-03  0.75722506E-01  0.38650111E-08
  0.59778641E+00 -0.59106030E+01  0.33302665E-01  0.12576092E-09  0.13512393E-02  0.17768714E-01  0.23109115E-08  0.38327208E-01  0.27983291E-10  0.42874187E-02  0.10830793E+00  0.26659591E-09  0.14048167E-01  0.30262689E+00  0.34281233E-08  0.29904089E-01  0.21019014E+00  0.16643593E-08  0.21481516E-01  0.15334993E+00  0.63401363E-09  0.42200329E-03  0.64632088E-01  0.45130780E-08
  0.61201942E+00 -0.59327475E+01  0.33899395E-01  0.11698017E-09  0.12740839E-02  0.15614630E-01  0.23484931E-08  0.38921832E-01  0.15669404E-10  0.35666341E-02  0.10950574E+00  0.29428891E-09  0.12253993E-01  0.31047063E+00  0.36039234E-08  0.24570673E-01  0.21726011E+00  0.16586452E-08  0.17294088E-01  0.16000014E+00  0.72188668E-09  0.38322182E-03  0.54984814E-01  0.50381050E-08
  0.62625243E+00 -0.59571436E+01  0.34288013E-01  0.97715013E-10  0.11928865E-02  0.13621463E-01  0.21538246E-08  0.39256746E-01  0.57806172E-11  0.29489614E-02  0.11004922E+00  0.29344084E-09  0.10643868E-01  0.31705542E+00  0.34067142E-08  0.20223899E-01  0.22355593E+00  0.14786755E-08  0.13939523E-01  0.16622452E+00  0.73939114E-09  0.34484916E-03  0.46654694E-01  0.53271307E-08
  0.64048544E+00 -0.59833992E+01  0.34510648E-01  0.73430665E-10  0.11103262E-02  0.11815148E-01  0.17861972E-08  0.39384030E-01  0.94678968E-12  0.24277634E-02  0.11006930E+00  0.26481552E-09  0.92185922E-02  0.32253476E+00  0.29005223E-08  0.16685930E-01  0.22913264E+00  0.11796946E-08  0.11256508E-01  0.17204521E+00  0.68288938E-09  0.30801625E-03  0.39501131E-01  0.52318121E-08
  0.65471845E+00 -0.60111565E+01  0.34604475E-01  0.49310018E-10  0.10284393E-02  0.10203385E-01  0.13291044E-08  0.39349955E-01  0.91762141E-12  0.19928923E-02  0.10968210E+00  0.21459121E-09  0.79691729E-02  0.32705721E+00  0.22057903E-08  0.13805701E-01  0.23405169E+00  0.83352074E-09  0.91108601E-02  0.17748788E+00  0.56472892E-09  0.27343390E-03  0.33382795E-01  0.46590210E-08
  0.66895146E+00 -0.60400918E+01  0.34601014E-01  0.29078445E-10  0.94869722E-03  0.87818467E-02  0.86854704E-09  0.39194015E-01  0.32547615E-11  0.16329551E-02  0.10898683E+00  0.15277561E-09  0.68812660E-02  0.33075998E+00  0.14648375E-08  0.11457846E-01  0.23837599E+00  0.50819776E-09  0.73932943E-02  0.18257903E+00  0.40984512E-09  0.24148795E-03  0.28165737E-01  0.36429497E-08
  0.68318447E+00 -0.60699146E+01  0.34526282E-01  0.14535064E-10  0.87210440E-03  0.75389758E-02  0.47529406E-09  0.38949027E-01  0.49455147E-11  0.13367009E-02  0.10806605E+00  0.91000066E-10  0.59382255E-02  0.33376601E+00  0.80762294E-09  0.95399125E-02  0.24216666E+00  0.25252181E-09  0.60160285E-02  0.18734415E+00  0.24956987E-09  0.21232934E-03  0.23727533E-01  0.23667538E-08
  0.69741748E+00 -0.61003648E+01  0.34401348E-01  0.57128998E-11  0.79929690E-03  0.64594123E-02  0.19396757E-09  0.38641760E-01  0.41857397E-11  0.10937703E-02  0.10698724E+00  0.40192670E-10  0.51230385E-02  0.33618316E+00  0.32601237E-09  0.79689828E-02  0.24548115E+00  0.88598364E-10  0.49091649E-02  0.19180684E+00  0.11438464E-09  0.18594936E-03  0.19958896E-01  0.11264999E-08
  0.71165049E+00 -0.61312101E+01  0.34243038E-01  0.14500772E-11  0.73063067E-03  0.55262891E-02  0.39723644E-10  0.38293751E-01  0.15980950E-11  0.89502622E-03  0.10580479E+00  0.85755192E-11  0.44194534E-02  0.33810474E+00  0.61068856E-10  0.66783336E-02  0.24837226E+00  0.12802459E-10  0.40173280E-02  0.19598834E+00  0.27414285E-10  0.16223816E-03  0.16763782E-01  0.25193112E-09
  0.72588350E+00 -0.61622431E+01  0.34064625E-01  0.10582930E-12  0.66625587E-03  0.47226852E-02  0.15466264E-11  0.37922129E-01  0.41303851E-12  0.73263299E-03  0.10456206E+00  0.32002849E-12  0.38125647E-02  0.33961078E+00  0.38545284E-11  0.56144324E-02  0.25088788E+00  0.31531186E-11  0.32967561E-02  0.19990752E+00  0.84309613E-13  0.14102756E-03  0.14058663E-01  0.11754565E-10
  0.74011651E+00 -0.61932788E+01  0.33876453E-01  0.18498939E-12  0.60617663E-03  0.40324845E-02  0.50030853E-10  0.37540358E-01  0.55308757E-11  0.59999722E-03  0.10329322E+00  0.15046196E-10  0.32890556E-02  0.34076946E+00  0.10693618E-09  0.47343713E-02  0.25307099E+00  0.29753006E-10  0.27128868E-02  0.20358101E+00  0.30708867E-10  0.12212119E-03  0.11771414E-01  0.53386513E-09
  0.75434952E+00 -0.62241523E+01  0.33686456E-01  0.71735584E-12  0.55029754E-03  0.34408352E-02  0.14707964E-09  0.37158866E-01  0.21771575E-10  0.49164316E-03  0.10202489E+00  0.48189119E-10  0.28372337E-02  0.34163871E+00  0.30187828E-09  0.40037447E-02  0.25496005E+00  0.64774281E-10  0.22384053E-02  0.20702351E+00  0.10602759E-09  0.10531467E-03  0.98400464E-02  0.17642418E-08
  0.76858253E+00 -0.62547165E+01  0.33500585E-01  0.13429791E-11  0.49845884E-03  0.29343513E-02  0.25513897E-09  0.36785565E-01  0.51890447E-10  0.40306450E-03  0.10077746E+00  0.92102779E-10  0.24469531E-02  0.34226761E+00  0.51762216E-09  0.33949282E-02  0.25658938E+00  0.89315244E-10  0.18516912E-02  0.21024809E+00  0.20504841E-09  0.90408578E-04  0.82114531E-02  0.34754403E-08
  0.78281554E+00 -0.62848404E+01  0.33323154E-01  0.21512135E-11  0.45046240E-03  0.25011561E-02  0.34422045E-09  0.36426283E-01  0.95021924E-10  0.33057635E-03  0.99566185E-01  0.13765042E-09  0.21094803E-02  0.34269778E+00  0.69553392E-09  0.28857010E-02  0.25798963E+00  0.95887514E-10  0.15355962E-02  0.21326654E+00  0.30411788E-09  0.77216074E-04  0.68402296E-02  0.53209343E-08
  0.79704855E+00 -0.63144071E+01  0.33157117E-01  0.33869943E-11  0.40609047E-03  0.21308309E-02  0.39581857E-09  0.36085106E-01  0.14609754E-09  0.27117891E-03  0.98402125E-01  0.17596119E-09  0.18173376E-02  0.34296447E+00  0.79856113E-09  0.24581488E-02  0.25918824E+00  0.86811408E-10  0.12764859E-02  0.21608968E+00  0.38199793E-09  0.65566875E-04  0.56876062E-02  0.69191759E-08
  0.81128156E+00 -0.63433127E+01  0.33004300E-01  0.51596743E-11  0.36511877E-03  0.18143131E-02  0.40366429E-09  0.35764675E-01  0.19650930E-09  0.22243755E-03  0.97292865E-01  0.20002380E-09  0.15641442E-02  0.34309761E+00  0.81381163E-09  0.20977960E-02  0.26020984E+00  0.69954984E-10  0.10634920E-02  0.21872759E+00  0.42387300E-09  0.55308596E-04  0.47205032E-02  0.79442160E-08
  0.82551457E+00 -0.63714647E+01  0.32865594E-01  0.72678349E-11  0.32732543E-03  0.15437702E-02  0.37190887E-09  0.35466425E-01  0.23593659E-09  0.18238031E-03  0.96243150E-01  0.20583798E-09  0.13444663E-02  0.34312260E+00  0.74947912E-09  0.17929175E-02  0.26107660E+00  0.53780914E-10  0.88792839E-03  0.22118981E+00  0.42357347E-09  0.46306343E-04  0.39107067E-02  0.81993798E-08
  0.83974758E+00 -0.63987806E+01  0.32741123E-01  0.91992362E-11  0.29249671E-03  0.13124661E-02  0.31170894E-09  0.35190809E-01  0.25491953E-09  0.14941187E-03  0.95255424E-01  0.19294282E-09  0.11536809E-02  0.34306107E+00  0.62808138E-09  0.15339947E-02  0.26180856E+00  0.43514225E-10  0.74283504E-03  0.22348553E+00  0.38377254E-09  0.38441135E-04  0.32341558E-02  0.76563365E-08
  0.85398059E+00 -0.64251874E+01  0.32630399E-01  0.10297632E-10  0.26043047E-03  0.11146300E-02  0.23727425E-09  0.34937491E-01  0.24753208E-09  0.12224218E-03  0.94330290E-01  0.16426629E-09  0.98785497E-03  0.34293141E+00  0.47833940E-09  0.13132829E-02  0.26242382E+00  0.39561171E-10  0.62262045E-03  0.22562359E+00  0.31437532E-09  0.31607643E-04  0.26703315E-02  0.64518958E-08
  0.86821360E+00 -0.64506196E+01  0.32532463E-01  0.10028812E-10  0.23093806E-03  0.94533315E-03  0.16229464E-09  0.34705523E-01  0.21344273E-09  0.99827829E-04  0.93466928E-01  0.12536913E-09  0.84363990E-03  0.34274930E+00  0.32777996E-09  0.11244682E-02  0.26293877E+00  0.38373162E-10  0.52278137E-03  0.22761257E+00  0.22967067E-09  0.25711588E-04  0.22017336E-02  0.48460884E-08
  0.88244661E+00 -0.64750191E+01  0.32446019E-01  0.82443397E-11  0.20384504E-03  0.80037559E-03  0.97367950E-10  0.34493515E-01  0.15876612E-09  0.81323993E-04  0.92663462E-01  0.83263481E-10  0.71818118E-03  0.34252812E+00  0.19748385E-09  0.96239246E-03  0.26336820E+00  0.35074635E-10  0.43968176E-03  0.22946077E+00  0.14499746E-09  0.20667129E-04  0.18134367E-02  0.31545678E-08
  0.89667962E+00 -0.64983341E+01  0.32369558E-01  0.53418928E-11  0.17899121E-03  0.67618569E-03  0.48700136E-10  0.34299790E-01  0.95380680E-10  0.66045461E-04  0.91917292E-01  0.45053433E-10  0.60904087E-03  0.34227925E+00  0.99573255E-10  0.82283456E-03  0.26372541E+00  0.26620181E-10  0.37037843E-03  0.23117611E+00  0.73670851E-10  0.16394470E-04  0.14927128E-02  0.16738042E-08
  0.91091263E+00 -0.65205184E+01  0.32301482E-01  0.22542329E-11  0.15623022E-03  0.56973088E-03  0.18025353E-10  0.34122530E-01  0.38750930E-10  0.53434962E-04  0.91225397E-01  0.16659911E-10  0.51413206E-03  0.34201237E+00  0.37265557E-10  0.70233351E-03  0.26402226E+00  0.14153129E-10  0.31248283E-03  0.23276608E+00  0.24750581E-10  0.12817893E-04  0.12287121E-02  0.61785896E-09
  0.92514564E+00 -0.65415306E+01  0.32240206E-01  0.25334605E-12  0.13542887E-03  0.47843998E-03  0.34560309E-11  0.33959903E-01  0.46655822E-11  0.43037652E-04  0.90584594E-01  0.18562899E-11  0.43166370E-03  0.34173571E+00  0.67833835E-11  0.59804679E-03  0.26426922E+00  0.35954492E-11  0.26405141E-03  0.23423764E+00  0.19706707E-11  0.98643378E-05  0.10121927E-02  0.81029411E-10
  0.93937865E+00 -0.65613337E+01  0.32184256E-01  0.61524900E-12  0.11646635E-03  0.40013597E-03  0.84942240E-12  0.33810180E-01  0.55933889E-11  0.34480616E-04  0.89991767E-01  0.17647290E-11  0.36009444E-03  0.34145619E+00  0.17491249E-12  0.50763582E-03  0.26447542E+00  0.41639110E-11  0.22349841E-03  0.23559711E+00  0.38606726E-11  0.74626024E-05  0.83529278E-03  0.32893473E-10
  0.95361166E+00 -0.65798948E+01  0.32132351E-01  0.42366802E-11  0.99233428E-04  0.33297817E-03  0.52689394E-11  0.33671828E-01  0.47496614E-10  0.27456528E-04  0.89444049E-01  0.14864663E-10  0.29809415E-03  0.34117966E+00  0.81495745E-11  0.42917329E-03  0.26464868E+00  0.25253817E-10  0.18952645E-03  0.23685009E+00  0.24839773E-10  0.55431571E-05  0.69133730E-03  0.34350374E-09
  0.96784467E+00 -0.65971846E+01  0.32083462E-01  0.11314200E-10  0.83631720E-04  0.27541291E-03  0.12202672E-10  0.33543581E-01  0.12788676E-09  0.21710692E-04  0.88938969E-01  0.37466042E-10  0.24451226E-03  0.34091095E+00  0.22287901E-10  0.36106835E-03  0.26479553E+00  0.72719875E-10  0.16107128E-03  0.23800138E+00  0.56903934E-10  0.40384995E-05  0.57467393E-03  0.82906513E-09
  0.98207768E+00 -0.66131768E+01  0.32036853E-01  0.21183807E-10  0.69572960E-04  0.22613131E-03  0.18340152E-10  0.33424494E-01  0.23566274E-09  0.17030877E-04  0.88474552E-01  0.64520335E-10  0.19835160E-03  0.34065409E+00  0.36325579E-10  0.30200592E-03  0.26492132E+00  0.14583228E-09  0.13725771E-03  0.23905493E+00  0.91473081E-10  0.28839260E-05  0.48053358E-03  0.13041984E-08
  0.99631069E+00 -0.66278483E+01  0.31992101E-01  0.32378709E-10  0.56978375E-04  0.18403356E-03  0.21858915E-10  0.33313961E-01  0.35288636E-09  0.13239387E-04  0.88049368E-01  0.90595440E-10  0.15874726E-03  0.34041232E+00  0.46530093E-10  0.25089767E-03  0.26503022E+00  0.23602103E-09  0.11736462E-03  0.24001384E+00  0.12101283E-09  0.20185509E-05  0.40491080E-03  0.16267047E-08
  0.10105437E+01 -0.66411787E+01  0.31949093E-01  0.42905524E-10  0.45778123E-04  0.14819850E-03  0.22297352E-10  0.33211718E-01  0.45820808E-09  0.10186941E-04  0.87662553E-01  0.11083136E-09  0.12494931E-03  0.34018828E+00  0.51406532E-10  0.20684250E-03  0.26512537E+00  0.32799606E-09  0.10079711E-03  0.24088038E+00  0.14016493E-09  0.13863938E-05  0.34446069E-03  0.17243117E-08
  0.10247767E+01 -0.66531502E+01  0.31908003E-01  0.50680452E-10  0.35910772E-04  0.11785790E-03  0.20165677E-10  0.33117818E-01  0.53125862E-09  0.77479762E-05  0.87313771E-01  0.12171803E-09  0.96309039E-04  0.33998404E+00  0.51056779E-10  0.16909466E-03  0.26520900E+00  0.40310600E-09  0.87064409E-04  0.24165603E+00  0.14627260E-09  0.93735723E-06  0.29640965E-03  0.15989199E-08
  0.10390097E+01 -0.66637472E+01  0.31869251E-01  0.54022292E-10  0.27322833E-04  0.92374800E-04  0.16465730E-10  0.33032588E-01  0.55706603E-09  0.58170576E-05  0.87003160E-01  0.12158547E-09  0.72267953E-04  0.33980121E+00  0.46487249E-10  0.13703831E-03  0.26528251E+00  0.44409428E-09  0.75762405E-04  0.24234159E+00  0.13933213E-09  0.62795068E-06  0.25847759E-03  0.13105175E-08
  0.10532427E+01 -0.66729566E+01  0.31833444E-01  0.52080318E-10  0.19968330E-04  0.71225187E-04  0.12262018E-10  0.32956571E-01  0.52950862E-09  0.43061325E-05  0.86731241E-01  0.11075615E-09  0.52349058E-04  0.33964100E+00  0.39058246E-10  0.11016720E-03  0.26534664E+00  0.43994095E-09  0.66559838E-04  0.24293729E+00  0.12150868E-09  0.42166324E-06  0.22881009E-03  0.94829928E-09
  0.10674757E+01 -0.66807671E+01  0.31801311E-01  0.45087049E-10  0.13808387E-04  0.53982846E-04  0.83905356E-11  0.32890451E-01  0.45299281E-09  0.31424202E-05  0.86498805E-01  0.91368497E-10  0.36150048E-04  0.33950432E+00  0.30146103E-10  0.88068708E-04  0.26540165E+00  0.38938663E-09  0.59187468E-04  0.24344291E+00  0.96407534E-10  0.28894547E-06  0.20591938E-03  0.59921330E-09
  0.10817087E+01 -0.66871696E+01  0.31773635E-01  0.34366004E-10  0.88108531E-05  0.40306788E-04  0.53308317E-11  0.32834984E-01  0.34191721E-09  0.22667780E-05  0.86306797E-01  0.66928593E-10  0.23338018E-04  0.33939181E+00  0.20991561E-10  0.70411366E-04  0.26544742E+00  0.30205359E-09  0.53429625E-04  0.24385795E+00  0.68290474E-10  0.20682442E-06  0.18863348E-03  0.32361705E-09
  0.10959418E+01 -0.66921568E+01  0.31751173E-01  0.22083129E-10  0.49499597E-05  0.29931089E-04  0.32184250E-11  0.32790913E-01  0.21796913E-09  0.16324292E-05  0.86156193E-01  0.41680043E-10  0.13645409E-04  0.33930394E+00  0.12658190E-10  0.56935295E-04  0.26548363E+00  0.19672216E-09  0.49117697E-04  0.24418173E+00  0.41383510E-10  0.15823062E-06  0.17605302E-03  0.14437717E-09
  0.11101748E+01 -0.66957230E+01  0.31734597E-01  0.10793065E-10  0.22060112E-05  0.22656887E-04  0.19478481E-11  0.32758902E-01  0.10578800E-09  0.12039781E-05  0.86047888E-01  0.19897059E-10  0.68669700E-05  0.33924098E+00  0.60236467E-11  0.47445047E-04  0.26550988E+00  0.97106311E-10  0.46125207E-04  0.24441360E+00  0.19356995E-10  0.13115813E-06  0.16751574E-03  0.50791810E-10
  0.11244078E+01 -0.66978643E+01  0.31724428E-01  0.28826132E-11  0.56513422E-06  0.18346331E-04  0.13112275E-11  0.32739473E-01  0.27907254E-10  0.95666559E-06  0.85982597E-01  0.52059820E-11  0.28575628E-05  0.33920315E+00  0.17578191E-11  0.41804445E-04  0.26552580E+00  0.26177948E-10  0.44364230E-04  0.24455297E+00  0.49936372E-11  0.11780127E-06  0.16256870E-03  0.13763250E-10
  0.11386847E+01 -0.66985784E+01  0.31721001E-01  0.40531976E-13  0.19084829E-07  0.16918373E-04  0.11265194E-11  0.32732958E-01  0.63846127E-13  0.87584546E-06  0.85960782E-01  0.27905517E-13  0.15306767E-05  0.33919052E+00  0.28150611E-12  0.39933112E-04  0.26553114E+00  0.51328179E-12  0.43782952E-04  0.24459947E+00  0.11793169E-13  0.11381204E-06  0.16094819E-03  0.52215374E-11
  0.11529616E+01 -0.66978605E+01  0.31724506E-01  0.13757376E-06  0.43199818E-06  0.18054795E-04  0.41993469E-06  0.32739746E-01  0.15938731E-07  0.93176117E-06  0.85983036E-01  0.33363636E-06  0.25347060E-05  0.33920312E+00  0.42591409E-06  0.41308160E-04  0.26552536E+00  0.74078147E-07  0.44153461E-04  0.24455172E+00  0.10062366E-08  0.11682949E-06  0.16265317E-03  0.90800644E-06
  0.11672385E+01 -0.66957077E+01  0.31734911E-01  0.55102495E-06  0.16726480E-05  0.21481916E-04  0.16923796E-05  0.32760002E-01  0.65410929E-07  0.11027589E-05  0.86049649E-01  0.13420323E-05  0.55692464E-05  0.33924089E+00  0.17105969E-05  0.45449270E-04  0.26550813E+00  0.30297476E-06  0.45272286E-04  0.24440857E+00  0.43623224E-08  0.12690524E-06  0.16780906E-03  0.36895871E-05
  0.11815154E+01 -0.66921225E+01  0.31751897E-01  0.12425634E-05  0.37468092E-05  0.27253851E-04  0.38554013E-05  0.32793417E-01  0.15340770E-06  0.13986131E-05  0.86160195E-01  0.30477026E-05  0.10701764E-04  0.33930374E+00  0.38750849E-05  0.52404347E-04  0.26547967E+00  0.70665928E-06  0.47161050E-04  0.24417032E+00  0.11132064E-07  0.14727002E-06  0.17654349E-03  0.85180155E-05
  0.11957923E+01 -0.66871091E+01  0.31774964E-01  0.22159285E-05  0.66642059E-05  0.35461863E-04  0.69728930E-05  0.32839508E-01  0.28832220E-06  0.18358027E-05  0.86314015E-01  0.54883629E-05  0.18045269E-04  0.33939148E+00  0.69551532E-05  0.62255150E-04  0.26544032E+00  0.13183524E-05  0.49856719E-04  0.24383739E+00  0.23250805E-07  0.18379053E-06  0.18907390E-03  0.15683835E-04
  0.12100691E+01 -0.66806732E+01  0.31803480E-01  0.34764694E-05  0.10438653E-04  0.46236037E-04  0.11135254E-04  0.32897668E-01  0.48205723E-06  0.24377847E-05  0.86510297E-01  0.87172266E-05  0.27759200E-04  0.33950384E+00  0.11002379E-04  0.75120200E-04  0.26539043E+00  0.21844680E-05  0.53413027E-04  0.24341029E+00  0.43736247E-07  0.24559044E-06  0.20571437E-03  0.25597375E-04
  0.12243460E+01 -0.66728222E+01  0.31836740E-01  0.50312505E-05  0.15088240E-04  0.59747748E-04  0.16460347E-04  0.32967225E-01  0.75016820E-06  0.32353653E-05  0.86748177E-01  0.12803449E-04  0.40050749E-04  0.33964036E+00  0.16085621E-04  0.91158937E-04  0.26533028E+00  0.33645951E-05  0.57902526E-04  0.24288944E+00  0.76924054E-07  0.34573448E-06  0.22688546E-03  0.38791987E-04
  0.12386229E+01 -0.66635654E+01  0.31874035E-01  0.68891735E-05  0.20635541E-04  0.76213047E-04  0.23094738E-04  0.33047514E-01  0.11120377E-05  0.42671648E-05  0.87026850E-01  0.17832745E-04  0.55176704E-04  0.33980043E+00  0.22292898E-04  0.11057719E-03  0.26525991E+00  0.49315789E-05  0.63419307E-04  0.24227513E+00  0.12868147E-06  0.50183152E-06  0.25312658E-03  0.55927771E-04
  0.12528998E+01 -0.66529133E+01  0.31914728E-01  0.90611116E-05  0.27107838E-04  0.95897146E-04  0.31215267E-04  0.33137955E-01  0.15910815E-05  0.55801860E-05  0.87345701E-01  0.23908223E-04  0.73445935E-04  0.33998313E+00  0.29733693E-04  0.13363412E-03  0.26517904E+00  0.69717761E-05  0.70082476E-04  0.24156737E+00  0.20655448E-06  0.73642141E-06  0.28511141E-03  0.77795480E-04
  0.12671767E+01 -0.66408786E+01  0.31958326E-01  0.11560045E-04  0.34537349E-04  0.11912018E-03  0.41030958E-04  0.33238126E-01  0.22149938E-05  0.72305159E-05  0.87704416E-01  0.31151489E-04  0.95222697E-04  0.34018728E+00  0.38541675E-04  0.16065076E-03  0.26508686E+00  0.95855666E-05  0.78040479E-04  0.24076572E+00  0.31981444E-06  0.10770444E-05  0.32366615E-03  0.10532032E-03
  0.12814536E+01 -0.66274754E+01  0.32004545E-01  0.14401194E-04  0.42961433E-04  0.14626452E-03  0.52785365E-04  0.33347832E-01  0.30160454E-05  0.92842146E-05  0.88103103E-01  0.39704100E-04  0.12093096E-03  0.34041131E+00  0.48877904E-04  0.19202043E-03  0.26498195E+00  0.12888214E-04  0.87476409E-04  0.23986926E+00  0.47938628E-06  0.15559438E-05  0.36979089E-03  0.13956535E-03
  0.12957305E+01 -0.66127197E+01  0.32053364E-01  0.17602140E-04  0.52422773E-04  0.17778391E-03  0.66759419E-04  0.33467161E-01  0.40314652E-05  0.11818478E-04  0.88542370E-01  0.49729443E-04  0.15106001E-03  0.34065321E+00  0.60934576E-04  0.22822130E-03  0.26486213E+00  0.17011175E-04  0.98614439E-04  0.23887645E+00  0.69766104E-06  0.22094163E-05  0.42468454E-03  0.18173420E-03
  0.13100074E+01 -0.65966295E+01  0.32105065E-01  0.21182941E-04  0.62969520E-04  0.21421478E-03  0.83274903E-04  0.33596525E-01  0.53039426E-05  0.14923201E-04  0.89023395E-01  0.61415176E-04  0.18617178E-03  0.34091050E+00  0.74939445E-04  0.26983161E-03  0.26472434E+00  0.22103958E-04  0.11172759E-03  0.23778511E+00  0.98821548E-06  0.30768838E-05  0.48977345E-03  0.23317296E-03
  0.13242843E+01 -0.65792248E+01  0.32160247E-01  0.25166223E-04  0.74655394E-04  0.25619008E-03  0.10269867E-03  0.33736677E-01  0.68823075E-05  0.18703098E-04  0.89547948E-01  0.74976339E-04  0.22691005E-03  0.34118015E+00  0.91161074E-04  0.31754783E-03  0.26456455E+00  0.28336647E-04  0.12714711E-03  0.23659237E+00  0.13654797E-05  0.41998145E-05  0.56674462E-03  0.29537108E-03
  0.13385612E+01 -0.65605278E+01  0.32219828E-01  0.29577266E-04  0.87539726E-04  0.30445615E-03  0.12544777E-03  0.33888712E-01  0.88224552E-05  0.23280591E-04  0.90118385E-01  0.90659319E-04  0.27401238E-03  0.34145852E+00  0.10991515E-03  0.37220678E-03  0.26437774E+00  0.35903206E-04  0.14527371E-03  0.23529471E+00  0.18444058E-05  0.56206517E-05  0.65758399E-03  0.36996129E-03
  0.13528381E+01 -0.65405632E+01  0.32285018E-01  0.34444082E-04  0.10168744E-03  0.35989307E-03  0.15199566E-03  0.34054040E-01  0.11188602E-04  0.28799711E-04  0.90737596E-01  0.10874685E-03  0.32832494E-03  0.34174130E+00  0.13157218E-03  0.43481213E-03  0.26415780E+00  0.45025696E-04  0.16659112E-03  0.23388800E+00  0.24401955E-05  0.73819193E-05  0.76462092E-03  0.45871867E-03
  0.13671150E+01 -0.65193586E+01  0.32357276E-01  0.39797479E-04  0.11716897E-03  0.42353910E-03  0.18287960E-03  0.34234340E-01  0.14054970E-04  0.35431318E-04  0.91408918E-01  0.12956424E-03  0.39082121E-03  0.34202348E+00  0.15656692E-03  0.50656668E-03  0.26389754E+00  0.55959567E-04  0.19168256E-03  0.23236758E+00  0.31681432E-05  0.95256591E-05  0.89057997E-03  0.56355902E-03
  0.13813919E+01 -0.64969444E+01  0.32438257E-01  0.45671136E-04  0.13406006E-03  0.49661991E-03  0.21870956E-03  0.34431498E-01  0.17508024E-04  0.43379987E-04  0.92136017E-01  0.15348718E-03  0.46262506E-03  0.34229919E+00  0.18541005E-03  0.58891147E-03  0.26358870E+00  0.69000204E-04  0.22125061E-03  0.23072839E+00  0.40436398E-05  0.12093318E-04  0.10386415E-02  0.68653703E-03
  0.13956688E+01 -0.64733545E+01  0.32529738E-01  0.52101662E-04  0.15244144E-03  0.58058328E-03  0.26017860E-03  0.34647529E-01  0.21649393E-04  0.52892993E-04  0.92922737E-01  0.18095120E-03  0.54503931E-03  0.34256171E+00  0.21870269E-03  0.68357349E-03  0.26322192E+00  0.84490971E-04  0.25614163E-03  0.22896505E+00  0.50823691E-05  0.15126153E-04  0.12125125E-02  0.82984454E-03
  0.14099457E+01 -0.64486267E+01  0.32633542E-01  0.59128673E-04  0.17239840E-03  0.67714029E-03  0.30807513E-03  0.34884486E-01  0.26599660E-04  0.64271922E-04  0.93772929E-01  0.21246343E-03  0.63958054E-03  0.34280327E+00  0.25715445E-03  0.79262397E-03  0.26278679E+00  0.10283308E-03  0.29737576E-03  0.22707205E+00  0.63007104E-05  0.18666170E-04  0.14165106E-02  0.99580962E-03
  0.14242226E+01 -0.64228029E+01  0.32751467E-01  0.66794850E-04  0.19402008E-03  0.78831392E-03  0.36329709E-03  0.35144371E-01  0.32503210E-04  0.77887545E-04  0.94690268E-01  0.24861674E-03  0.74802154E-03  0.34301496E+00  0.30160598E-03  0.91854995E-03  0.26227181E+00  0.12449769E-03  0.34618416E-03  0.22504380E+00  0.77163422E-05  0.22757541E-04  0.16556623E-02  0.11868971E-02
  0.14384995E+01 -0.63959299E+01  0.32885210E-01  0.75145973E-04  0.21739846E-03  0.91649635E-03  0.42686834E-03  0.35429046E-01  0.39534405E-04  0.94198757E-04  0.95678068E-01  0.29010694E-03  0.87244261E-03  0.34318651E+00  0.35305704E-03  0.10643422E-02  0.26166437E+00  0.15004082E-03  0.40405564E-03  0.22287478E+00  0.93490269E-05  0.27448404E-04  0.19358200E-02  0.14057116E-02
  0.14527764E+01 -0.63680594E+01  0.33036310E-01  0.84230915E-04  0.24262702E-03  0.10645164E-02  0.49995750E-03  0.35740152E-01  0.47905403E-04  0.11377661E-03  0.96739088E-01  0.33775341E-03  0.10152933E-02  0.34330608E+00  0.41270168E-03  0.12336042E-02  0.26095068E+00  0.18012189E-03  0.47279537E-03  0.22055959E+00  0.11221542E-04  0.32792909E-04  0.22638005E-02  0.16550030E-02
